Sleep fraction	Mean response	Std. Dev.	Std (again, nvm)
0.0	0.23147521650098238	0.0	0.0
0.25	0.425557483188341	0.0	0.0
0.5	0.425557483188341	0.0	0.0
0.75	0.28905049737499605	0.0	0.0
1.0	0.425557483188341	0.0	0.0

Individual responses and net weights:
Sleep fraction	Response	Net weight
0.0	0.23147521650098238	5970.815428807387
0.25	0.425557483188341	7010.492663791139
0.5	0.425557483188341	7690.140559413213
0.75	0.28905049737499605	8174.048282603142
1.0	0.425557483188341	8976.190896030677
0.0	0.25	nan	nan
0.0	0.5	nan	nan
0.0	0.75	nan	nan
0.0	1.0	nan	nan
0.25	0.0	nan	nan
0.25	0.5	nan	nan
0.25	0.75	nan	nan
0.25	1.0	nan	nan
0.5	0.0	nan	nan
0.5	0.25	nan	nan
0.5	0.75	nan	nan
0.5	1.0	nan	nan
0.75	0.0	nan	nan
0.75	0.25	nan	nan
0.75	0.5	nan	nan
0.75	1.0	nan	nan
1.0	0.0	nan	nan
1.0	0.25	nan	nan
1.0	0.5	nan	nan
1.0	0.75	nan	nan
